-5.000000000000000000e-01
-4.964824120603015256e-01
-4.929648241206029957e-01
-4.894472361809045213e-01
-4.859296482412060469e-01
-4.824120603015075170e-01
-4.788944723618090427e-01
-4.753768844221105683e-01
-4.718592964824120384e-01
-4.683417085427135640e-01
-4.648241206030150896e-01
-4.613065326633165597e-01
-4.577889447236180853e-01
-4.542713567839196109e-01
-4.507537688442211365e-01
-4.472361809045226066e-01
-4.437185929648241323e-01
-4.402010050251256024e-01
-4.366834170854271280e-01
-4.331658291457286536e-01
-4.296482412060301792e-01
-4.261306532663316493e-01
-4.226130653266331749e-01
-4.190954773869347005e-01
-4.155778894472361706e-01
-4.120603015075376963e-01
-4.085427135678392219e-01
-4.050251256281406920e-01
-4.015075376884422176e-01
-3.979899497487437432e-01
-3.944723618090452133e-01
-3.909547738693467389e-01
-3.874371859296482645e-01
-3.839195979899497901e-01
-3.804020100502512602e-01
-3.768844221105527859e-01
-3.733668341708542560e-01
-3.698492462311557816e-01
-3.663316582914573072e-01
-3.628140703517588328e-01
-3.592964824120603029e-01
-3.557788944723618285e-01
-3.522613065326632986e-01
-3.487437185929648242e-01
-3.452261306532663498e-01
-3.417085427135678755e-01
-3.381909547738694011e-01
-3.346733668341708712e-01
-3.311557788944723413e-01
-3.276381909547738669e-01
-3.241206030150753925e-01
-3.206030150753769181e-01
-3.170854271356784437e-01
-3.135678391959799138e-01
-3.100502512562813839e-01
-3.065326633165829096e-01
-3.030150753768844352e-01
-2.994974874371859608e-01
-2.959798994974874864e-01
-2.924623115577889565e-01
-2.889447236180904821e-01
-2.854271356783919522e-01
-2.819095477386934778e-01
-2.783919597989950034e-01
-2.748743718592965291e-01
-2.713567839195979992e-01
-2.678391959798995248e-01
-2.643216080402009949e-01
-2.608040201005025205e-01
-2.572864321608040461e-01
-2.537688442211055717e-01
-2.502512562814070973e-01
-2.467336683417085674e-01
-2.432160804020100930e-01
-2.396984924623115631e-01
-2.361809045226130888e-01
-2.326633165829146144e-01
-2.291457286432160845e-01
-2.256281407035176101e-01
-2.221105527638191357e-01
-2.185929648241206058e-01
-2.150753768844221314e-01
-2.115577889447236570e-01
-2.080402010050251271e-01
-2.045226130653266527e-01
-2.010050251256281784e-01
-1.974874371859296485e-01
-1.939698492462311741e-01
-1.904522613065326997e-01
-1.869346733668341698e-01
-1.834170854271356954e-01
-1.798994974874372210e-01
-1.763819095477387466e-01
-1.728643216080402167e-01
-1.693467336683417424e-01
-1.658291457286432680e-01
-1.623115577889447381e-01
-1.587939698492462637e-01
-1.552763819095477893e-01
-1.517587939698492594e-01
-1.482412060301507850e-01
-1.447236180904523106e-01
-1.412060301507537807e-01
-1.376884422110553063e-01
-1.341708542713568320e-01
-1.306532663316583021e-01
-1.271356783919598277e-01
-1.236180904522613533e-01
-1.201005025125628234e-01
-1.165829145728643490e-01
-1.130653266331658746e-01
-1.095477386934673447e-01
-1.060301507537688703e-01
-1.025125628140703959e-01
-9.899497487437186605e-02
-9.547738693467339166e-02
-9.195979899497491727e-02
-8.844221105527644289e-02
-8.492462311557791299e-02
-8.140703517587943860e-02
-7.788944723618096422e-02
-7.437185929648243432e-02
-7.085427135678395993e-02
-6.733668341708548555e-02
-6.381909547738695565e-02
-6.030150753768848126e-02
-5.678391959799000688e-02
-5.326633165829147698e-02
-4.974874371859300259e-02
-4.623115577889452821e-02
-4.271356783919599831e-02
-3.919597989949752392e-02
-3.567839195979904954e-02
-3.216080402010051964e-02
-2.864321608040204525e-02
-2.512562814070357087e-02
-2.160804020100504097e-02
-1.809045226130656658e-02
-1.457286432160809220e-02
-1.105527638190956230e-02
-7.537688442211087914e-03
-4.020100502512613527e-03
-5.025125628141391410e-04
3.015075376884390757e-03
6.532663316582865143e-03
1.005025125628133953e-02
1.356783919597981392e-02
1.708542713567839932e-02
2.060301507537687371e-02
2.412060301507534810e-02
2.763819095477382248e-02
3.115577889447229687e-02
3.467336683417077126e-02
3.819095477386935666e-02
4.170854271356783105e-02
4.522613065326630544e-02
4.874371859296477982e-02
5.226130653266325421e-02
5.577889447236172860e-02
5.929648241206020298e-02
6.281407035175878839e-02
6.633165829145726278e-02
6.984924623115573716e-02
7.336683417085421155e-02
7.688442211055268594e-02
8.040201005025116032e-02
8.391959798994974573e-02
8.743718592964822012e-02
9.095477386934669450e-02
9.447236180904516889e-02
9.798994974874364328e-02
1.015075376884421177e-01
1.050251256281407031e-01
1.085427135678391775e-01
1.120603015075376518e-01
1.155778894472361262e-01
1.190954773869346006e-01
1.226130653266330750e-01
1.261306532663316604e-01
1.296482412060301348e-01
1.331658291457286092e-01
1.366834170854270836e-01
1.402010050251255580e-01
1.437185929648240323e-01
1.472361809045225067e-01
1.507537688442210921e-01
1.542713567839195665e-01
1.577889447236180409e-01
1.613065326633165153e-01
1.648241206030149897e-01
1.683417085427134641e-01
1.718592964824120495e-01
1.753768844221105239e-01
1.788944723618089983e-01
1.824120603015074726e-01
1.859296482412059470e-01
1.894472361809044214e-01
1.929648241206030068e-01
1.964824120603014812e-01
2.000000000000000111e-01
