-1.482976648793900267e+02
-1.454902012649099845e+02
-1.433158965691399942e+02
-1.382108725251399903e+02
-1.396080151412999726e+02
-1.360687149746799776e+02
-1.320290270159199508e+02
-1.309132127267899932e+02
-1.311197841128900166e+02
-1.260030971091199916e+02
-1.264854532354099916e+02
-1.239768134243300182e+02
-1.229838700294399843e+02
-1.209354084484299960e+02
-1.146025951713299946e+02
-1.097386696577199814e+02
-1.072790511134000013e+02
-1.053100318295699793e+02
-1.035770218057099896e+02
-1.018401680414930013e+02
-9.846984975167501375e+01
-9.733404397212102310e+01
-9.535906336482501899e+01
-9.361049093639299201e+01
-8.992017667381196588e+01
-8.754906876487599732e+01
-8.541966173109399563e+01
-8.339185855498500644e+01
-8.230822738585601428e+01
-8.141191614085799699e+01
-8.025385677033899867e+01
-7.844382734771100729e+01
-7.748014075028200409e+01
-7.506601189494099913e+01
-7.325406548948400598e+01
-7.210418014533800601e+01
-7.176391348680100180e+01
-6.973043827804198713e+01
-6.888681789866799932e+01
-6.616907081010998581e+01
-6.516811743762799836e+01
-6.431232140376199879e+01
-6.260511228667700578e+01
-6.249243754383000038e+01
-6.092182039736898957e+01
-5.879804217585499515e+01
-5.629081533189398812e+01
-5.599023864248400173e+01
-5.489069973635699995e+01
-5.444943743215299037e+01
-5.297088220066098785e+01
-5.174188305029500157e+01
-5.026298912537599506e+01
-4.992433027657298794e+01
-4.809711062736900544e+01
-4.697868513292299042e+01
-4.576901307025700305e+01
-4.491380549519799104e+01
-4.312746935152599548e+01
-4.224963671804699317e+01
-4.132784948130999680e+01
-4.071544763606799933e+01
-3.972762327516499425e+01
-3.877410309190599236e+01
-3.785745833877199829e+01
-3.773847052953500025e+01
-3.631581521257600542e+01
-3.525828753497800250e+01
-3.422216174132100264e+01
-3.387142586496199925e+01
-3.294892507210998644e+01
-3.200778105237899496e+01
-3.137407920647500248e+01
-3.061301817755099819e+01
-3.011530333976600105e+01
-2.969867829544599758e+01
-2.895791436732499591e+01
-2.844768193214599705e+01
-2.789913389237800345e+01
-2.698724030014699693e+01
-2.672432812160199234e+01
-2.628738951791699918e+01
-2.588910847323899844e+01
-2.510435046638199452e+01
-2.436456635339699517e+01
-2.395858469887899744e+01
-2.349659117371499661e+01
-2.255138964482400254e+01
-2.202589736439100321e+01
-2.170658531776499345e+01
-2.136340862979900024e+01
-2.096002123546300311e+01
-2.079781204305199793e+01
-2.009548533255999558e+01
-1.959643551237800096e+01
-1.887872731476600308e+01
-1.842390171494499995e+01
-1.814995483725399694e+01
-1.762296647945399997e+01
-1.720873180951200254e+01
-1.667773203164399831e+01
-1.634705648447100046e+01
-1.554466134441099889e+01
-1.531290009811599617e+01
-1.513055490246600066e+01
-1.474369321259299959e+01
-1.417392406876400202e+01
-1.395302652583900027e+01
-1.350047295058299746e+01
-1.310593695554799787e+01
-1.287927217728399931e+01
-1.257789640425899691e+01
-1.215103233253799786e+01
-1.181740410902599692e+01
-1.134336314225599907e+01
-1.080400841599999850e+01
-1.060459167639700162e+01
-1.022104103705300027e+01
-9.918521018134899947e+00
-9.844237468363699506e+00
-9.200983749963798530e+00
-8.882664664614800643e+00
-8.776654751988099079e+00
-8.427898217604099074e+00
-8.040648519784401316e+00
-7.725078238794701235e+00
-7.406453361702499905e+00
-7.146365579410699276e+00
-6.652237919456098325e+00
-6.365980571847899228e+00
-5.915498441502299087e+00
-5.577763432576799296e+00
-5.155430267889399509e+00
-4.613642362939999408e+00
-4.199526024209600195e+00
-3.773796302970600536e+00
-3.321883863756200483e+00
-2.836594459905399379e+00
-2.326220545114199734e+00
-1.801198379768499835e+00
-1.209557095218999789e+00
-5.774004946293600504e-01
1.034619473367119902e-01
8.288346835767599341e-01
1.599727145232399783e+00
2.430468641647100192e+00
3.375098225713199618e+00
4.280751307498899649e+00
5.360072462260998982e+00
6.545225995766397631e+00
7.782616743653099078e+00
9.286464264287799253e+00
1.090651467633800209e+01
1.260122350790600265e+01
1.396306361229100013e+01
1.614964133959399817e+01
1.824255907570399771e+01
2.074983657848699892e+01
2.335533468469800056e+01
2.583730747499099678e+01
2.860196363086900107e+01
3.171104941919199405e+01
3.550382563686800097e+01
3.985824987569699829e+01
4.418385781871999995e+01
4.909832903834399787e+01
5.432072947738900126e+01
6.007574797093499797e+01
6.638841652052099107e+01
7.270359420554299845e+01
7.933269873713598486e+01
8.719347404943300717e+01
9.692297346051100249e+01
1.073796260207399911e+02
1.173534097541799781e+02
1.284985526663299993e+02
1.403130947370599699e+02
1.533070952457399585e+02
1.680745742291900058e+02
1.837450272660300072e+02
2.031461545056600073e+02
2.204934164472900022e+02
2.386697290312199868e+02
2.608813057450599331e+02
2.831113416865499630e+02
3.079398841402299922e+02
3.337195264685199732e+02
3.610179538315398986e+02
3.909499466858699179e+02
4.240395414113100401e+02
4.570646662701900595e+02
4.924538332185999252e+02
5.313518751839101242e+02
5.741343389502501395e+02
6.174405229284900543e+02
6.596842115603000138e+02
7.110795611585800771e+02
7.672998324457500985e+02
8.237987674444899540e+02
8.804801456199198810e+02
