1.929855997906099740e-01
-4.818487567080600997e-01
-1.119194991679499873e+00
-1.657417571694699721e+00
-2.240616246067599793e+00
-2.759965432960799436e+00
-3.269156745292800537e+00
-3.700193375603699764e+00
-4.222585096232899460e+00
-4.684726645958299684e+00
-5.024171441402499383e+00
-5.359135724288199398e+00
-5.590254722132898202e+00
-5.935021766990700165e+00
-6.372726547695100052e+00
-6.617422984774200323e+00
-6.911510267082198844e+00
-7.228039563559499392e+00
-7.599295108504700025e+00
-8.018332546926698612e+00
-8.397610923652699455e+00
-8.715810544450098618e+00
-9.020590550058198431e+00
-9.445257120056899325e+00
-9.750063428461599457e+00
-1.018638283350169971e+01
-1.054064574559900080e+01
-1.094816185982799794e+01
-1.133880810176300180e+01
-1.169190046639200098e+01
-1.207871065187699955e+01
-1.257046651504299994e+01
-1.288113430766800072e+01
-1.337695857762200369e+01
-1.386540885345199747e+01
-1.417925070416600164e+01
-1.453270255476499706e+01
-1.489524694912400093e+01
-1.554901143024900279e+01
-1.620175003775999656e+01
-1.664030091050500104e+01
-1.700687863652000331e+01
-1.743519710613599827e+01
-1.808934298902099869e+01
-1.859421156058499847e+01
-1.914566955624599487e+01
-1.970275230116400067e+01
-2.021218029149499884e+01
-2.075455888890600065e+01
-2.140520189131200013e+01
-2.207274544908699809e+01
-2.267223959661799526e+01
-2.302949679195599941e+01
-2.379684789246299559e+01
-2.431742453748899990e+01
-2.479794400853900171e+01
-2.541319884656398997e+01
-2.661197667705900116e+01
-2.754121361872899953e+01
-2.852208603253300367e+01
-2.947840769685100071e+01
-2.979597596629200495e+01
-2.988894876036699344e+01
-3.047785536753399782e+01
-3.095833536198200520e+01
-3.180078101150799696e+01
-3.287787916379699737e+01
-3.340145009085799899e+01
-3.473142089595700099e+01
-3.588037379402599214e+01
-3.663730391462499369e+01
-3.749218273057199013e+01
-3.883261825443000248e+01
-3.990772599339899784e+01
-4.004574939461599570e+01
-4.100743269248900447e+01
-4.216433384681100449e+01
-4.289325416966100590e+01
-4.352143314680999708e+01
-4.497228558294600020e+01
-4.574158747974198036e+01
-4.698319742803298737e+01
-4.815384695388199532e+01
-4.924556145217400882e+01
-5.049556684995300060e+01
-5.134082696083499542e+01
-5.324629329244399401e+01
-5.519887510280199194e+01
-5.732709113634700060e+01
-5.789434914925899989e+01
-5.903799716616099147e+01
-6.024860731953899773e+01
-6.129456967971200498e+01
-6.284246314042599124e+01
-6.421078984741299678e+01
-6.497246777277599961e+01
-6.667009440526599917e+01
-6.850607758708699180e+01
-6.965638492040800145e+01
-7.109182715540499942e+01
-7.240471296884099672e+01
-7.476058427357699543e+01
-7.547023650840799291e+01
-7.785338539595998952e+01
-8.008599877662500433e+01
-8.192007913702599353e+01
-8.307367442918801714e+01
-8.448477625465301344e+01
-8.604630393853700809e+01
-8.856150934538295871e+01
-9.150203429685899437e+01
-9.377211368916100298e+01
-9.534038398132400971e+01
-9.704679160246202230e+01
-9.885177917813000192e+01
-1.015815096127300023e+02
-1.036515573961499967e+02
-1.048397296375399890e+02
-1.081207204086900191e+02
-1.092197033202799901e+02
-1.112275850635099914e+02
-1.136098961557000138e+02
-1.149210192833200210e+02
-1.167217015574799888e+02
-1.196766803439700055e+02
-1.232539894584599836e+02
-1.254499778998299888e+02
-1.290681244340499916e+02
-1.310899034603899906e+02
-1.341199941417899879e+02
-1.348797428145799984e+02
-1.383179761899300217e+02
-1.432582494819399983e+02
-1.457847870086299622e+02
-1.494923110442800009e+02
-1.527722446235599705e+02
-1.543138988815200037e+02
-1.572650762247299951e+02
-1.607365141569299851e+02
-1.629784647384899756e+02
-1.684300020891000145e+02
-1.682685635178399650e+02
-1.734112219306399538e+02
-1.755321592505699755e+02
-1.781286222131899137e+02
-1.819841560167300543e+02
-1.859928775364099920e+02
-1.890195962726399728e+02
-1.921768196254800216e+02
-1.972534931992599638e+02
-2.015469108895399870e+02
-2.038587255339199373e+02
-2.068752380327699996e+02
-2.112402998890899823e+02
-2.127530322380200687e+02
-2.166505605603900051e+02
-2.212852418761299873e+02
-2.255992775404000099e+02
-2.317605928973599703e+02
-2.350483249385700049e+02
-2.368251703825499135e+02
-2.390581200303700200e+02
-2.433135406955300368e+02
-2.478911720278400423e+02
-2.507594022712599724e+02
-2.556158727681199991e+02
-2.589172478678099765e+02
-2.640442321948499398e+02
-2.724501407773300343e+02
-2.786822889274999966e+02
-2.855808751485199650e+02
-2.908202841173199431e+02
-2.950015613540400068e+02
-3.002484845696000093e+02
-3.038430784587100106e+02
-3.095302399371900037e+02
-3.147323229957600574e+02
-3.181358684244499955e+02
-3.227456477924999376e+02
-3.311422225160199559e+02
-3.344723876038999606e+02
-3.394881964751500618e+02
-3.437222533901499446e+02
-3.508848387800200044e+02
-3.567526410580999823e+02
-3.690155470198800458e+02
-3.677014827501300260e+02
-3.728232369074999610e+02
-3.800660069414499844e+02
-3.859882769642198923e+02
-3.921838842747400236e+02
-3.971681019726900104e+02
-4.026069552772700035e+02
-4.103774698172099988e+02
-4.187955317613499915e+02
-4.273606176627799869e+02
-4.291879018293900572e+02
-4.382297630563900270e+02
-4.480484051236199434e+02
-4.554576040533600008e+02
