0.000000000000000000e+00
-3.768844221105527477e-03
-7.537688442211054954e-03
-1.130653266331658330e-02
-1.507537688442210991e-02
-1.884422110552763652e-02
-2.261306532663316660e-02
-2.638190954773869321e-02
-3.015075376884421982e-02
-3.391959798994974989e-02
-3.768844221105527303e-02
-4.145728643216080311e-02
-4.522613065326633319e-02
-4.899497487437185633e-02
-5.276381909547738641e-02
-5.653266331658290955e-02
-6.030150753768843963e-02
-6.407035175879396971e-02
-6.783919597989949979e-02
-7.160804020100501599e-02
-7.537688442211054607e-02
-7.914572864321607615e-02
-8.291457286432160623e-02
-8.668341708542713631e-02
-9.045226130653266639e-02
-9.422110552763818259e-02
-9.798994974874371267e-02
-1.017587939698492427e-01
-1.055276381909547728e-01
-1.092964824120603029e-01
-1.130653266331658191e-01
-1.168341708542713492e-01
-1.206030150753768793e-01
-1.243718592964824093e-01
-1.281407035175879394e-01
-1.319095477386934556e-01
-1.356783919597989996e-01
-1.394472361809045158e-01
-1.432160804020100320e-01
-1.469849246231155759e-01
-1.507537688442210921e-01
-1.545226130653266361e-01
-1.582914572864321523e-01
-1.620603015075376685e-01
-1.658291457286432125e-01
-1.695979899497487287e-01
-1.733668341708542726e-01
-1.771356783919597888e-01
-1.809045226130653328e-01
-1.846733668341708490e-01
-1.884422110552763652e-01
-1.922110552763819091e-01
-1.959798994974874253e-01
-1.997487437185929693e-01
-2.035175879396984855e-01
-2.072864321608040017e-01
-2.110552763819095456e-01
-2.148241206030150618e-01
-2.185929648241206058e-01
-2.223618090452261220e-01
-2.261306532663316382e-01
-2.298994974874371822e-01
-2.336683417085426984e-01
-2.374371859296482423e-01
-2.412060301507537585e-01
-2.449748743718592747e-01
-2.487437185929648187e-01
-2.525125628140703626e-01
-2.562814070351758788e-01
-2.600502512562813950e-01
-2.638190954773869112e-01
-2.675879396984924274e-01
-2.713567839195979992e-01
-2.751256281407035154e-01
-2.788944723618090316e-01
-2.826633165829145478e-01
-2.864321608040200640e-01
-2.902010050251256357e-01
-2.939698492462311519e-01
-2.977386934673366681e-01
-3.015075376884421843e-01
-3.052763819095477005e-01
-3.090452261306532722e-01
-3.128140703517587884e-01
-3.165829145728643046e-01
-3.203517587939698208e-01
-3.241206030150753370e-01
-3.278894472361809087e-01
-3.316582914572864249e-01
-3.354271356783919411e-01
-3.391959798994974573e-01
-3.429648241206029735e-01
-3.467336683417085452e-01
-3.505025125628140614e-01
-3.542713567839195776e-01
-3.580402010050250938e-01
-3.618090452261306655e-01
-3.655778894472361817e-01
-3.693467336683416979e-01
-3.731155778894472141e-01
-3.768844221105527303e-01
-3.806532663316583021e-01
-3.844221105527638183e-01
-3.881909547738693345e-01
-3.919597989949748507e-01
-3.957286432160803669e-01
-3.994974874371859386e-01
-4.032663316582914548e-01
-4.070351758793969710e-01
-4.108040201005024872e-01
-4.145728643216080034e-01
-4.183417085427135751e-01
-4.221105527638190913e-01
-4.258793969849246075e-01
-4.296482412060301237e-01
-4.334170854271356399e-01
-4.371859296482412116e-01
-4.409547738693467278e-01
-4.447236180904522440e-01
-4.484924623115577602e-01
-4.522613065326632764e-01
-4.560301507537688481e-01
-4.597989949748743643e-01
-4.635678391959798805e-01
-4.673366834170853967e-01
-4.711055276381909129e-01
-4.748743718592964846e-01
-4.786432160804020008e-01
-4.824120603015075170e-01
-4.861809045226130332e-01
-4.899497487437185494e-01
-4.937185929648241212e-01
-4.974874371859296374e-01
-5.012562814070351536e-01
-5.050251256281407253e-01
-5.087939698492461860e-01
-5.125628140703517577e-01
-5.163316582914572184e-01
-5.201005025125627901e-01
-5.238693467336683618e-01
-5.276381909547738225e-01
-5.314070351758793942e-01
-5.351758793969848549e-01
-5.389447236180904266e-01
-5.427135678391959983e-01
-5.464824120603014590e-01
-5.502512562814070307e-01
-5.540201005025124914e-01
-5.577889447236180631e-01
-5.615577889447236348e-01
-5.653266331658290955e-01
-5.690954773869346672e-01
-5.728643216080401279e-01
-5.766331658291456996e-01
-5.804020100502512713e-01
-5.841708542713567320e-01
-5.879396984924623037e-01
-5.917085427135677644e-01
-5.954773869346733361e-01
-5.992462311557789079e-01
-6.030150753768843686e-01
-6.067839195979899403e-01
-6.105527638190954010e-01
-6.143216080402009727e-01
-6.180904522613065444e-01
-6.218592964824120051e-01
-6.256281407035175768e-01
-6.293969849246230375e-01
-6.331658291457286092e-01
-6.369346733668341809e-01
-6.407035175879396416e-01
-6.444723618090452133e-01
-6.482412060301506740e-01
-6.520100502512562457e-01
-6.557788944723618174e-01
-6.595477386934672781e-01
-6.633165829145728498e-01
-6.670854271356783105e-01
-6.708542713567838822e-01
-6.746231155778894539e-01
-6.783919597989949146e-01
-6.821608040201004863e-01
-6.859296482412059470e-01
-6.896984924623115187e-01
-6.934673366834170904e-01
-6.972361809045225511e-01
-7.010050251256281229e-01
-7.047738693467335835e-01
-7.085427135678391553e-01
-7.123115577889447270e-01
-7.160804020100501877e-01
-7.198492462311557594e-01
-7.236180904522613311e-01
-7.273869346733667918e-01
-7.311557788944723635e-01
-7.349246231155778242e-01
-7.386934673366833959e-01
-7.424623115577889676e-01
-7.462311557788944283e-01
-7.500000000000000000e-01
