-2.500000000000000000e+01
-2.397959000000000174e+01
-2.295917999999999992e+01
-2.193878000000000128e+01
-2.091836999999999946e+01
-1.989796000000000120e+01
-1.887754999999999939e+01
-1.785714000000000112e+01
-1.683672999999999931e+01
-1.581633000000000067e+01
-1.479592000000000063e+01
-1.377551000000000059e+01
-1.275510000000000055e+01
-1.173469000000000051e+01
-1.071429000000000009e+01
-9.693880000000000052e+00
-8.673470000000000013e+00
-7.653059999999999974e+00
-6.632649999999999935e+00
-5.612250000000000405e+00
-4.591840000000000366e+00
-3.571429999999999882e+00
-2.551019999999999843e+00
-1.530610000000000026e+00
-5.101999999999999869e-01
5.101999999999999869e-01
1.530610000000000026e+00
2.551019999999999843e+00
3.571429999999999882e+00
4.591840000000000366e+00
5.612239999999999895e+00
6.632649999999999935e+00
7.653059999999999974e+00
8.673470000000000013e+00
9.693880000000000052e+00
1.071428000000000047e+01
1.173469000000000051e+01
1.275510000000000055e+01
1.377551000000000059e+01
1.479592000000000063e+01
1.581633000000000067e+01
1.683672999999999931e+01
1.785714000000000112e+01
1.887754999999999939e+01
1.989796000000000120e+01
2.091836999999999946e+01
2.193877000000000166e+01
2.295917999999999992e+01
2.397959000000000174e+01
2.500000000000000000e+01
