1.409999999999999920e+00
1.406530000000000058e+00
1.403059999999999974e+00
1.399589999999999890e+00
1.396120000000000028e+00
1.392649999999999944e+00
1.389180000000000081e+00
1.385709999999999997e+00
1.382239999999999913e+00
1.378779999999999895e+00
1.375310000000000032e+00
1.371839999999999948e+00
1.368370000000000086e+00
1.364900000000000002e+00
1.361429999999999918e+00
1.357960000000000056e+00
1.354489999999999972e+00
1.351020000000000110e+00
1.347550000000000026e+00
1.344079999999999941e+00
1.340610000000000079e+00
1.337139999999999995e+00
1.333669999999999911e+00
1.330200000000000049e+00
1.326729999999999965e+00
1.323269999999999946e+00
1.319800000000000084e+00
1.316330000000000000e+00
1.312859999999999916e+00
1.309390000000000054e+00
1.305919999999999970e+00
1.302450000000000108e+00
1.298980000000000024e+00
1.295509999999999939e+00
1.292040000000000077e+00
1.288569999999999993e+00
1.285099999999999909e+00
1.281630000000000047e+00
1.278159999999999963e+00
1.274690000000000101e+00
1.271220000000000017e+00
1.267759999999999998e+00
1.264289999999999914e+00
1.260820000000000052e+00
1.257349999999999968e+00
1.253880000000000106e+00
1.250410000000000021e+00
1.246939999999999937e+00
1.243470000000000075e+00
1.239999999999999991e+00
