1.033330000000000082e+00
1.030669999999999975e+00
1.028110000000000079e+00
1.025470000000000104e+00
1.022929999999999895e+00
1.020319999999999894e+00
1.017730000000000024e+00
1.015230000000000077e+00
1.012659999999999894e+00
1.010099999999999998e+00
1.007640000000000091e+00
1.005109999999999948e+00
1.002669999999999950e+00
1.000159999999999938e+00
9.976699999999999458e-01
9.952600000000000335e-01
9.927899999999999503e-01
9.904199999999999671e-01
9.879700000000000149e-01
9.855300000000000171e-01
9.831900000000000084e-01
9.807799999999999851e-01
9.784599999999999964e-01
9.760699999999999932e-01
9.736900000000000555e-01
9.714099999999999957e-01
9.690499999999999670e-01
9.667099999999999582e-01
9.644599999999999840e-01
9.621399999999999952e-01
9.598999999999999755e-01
9.576000000000000068e-01
9.553199999999999470e-01
9.531100000000000128e-01
9.508499999999999730e-01
9.486700000000000133e-01
9.464200000000000390e-01
9.441899999999999737e-01
9.420300000000000340e-01
9.398199999999999887e-01
9.376900000000000235e-01
9.354999999999999982e-01
9.333099999999999730e-01
9.312099999999999822e-01
9.290500000000000425e-01
9.290500000000000425e-01
9.276600000000000401e-01
9.262000000000000233e-01
9.248199999999999754e-01
9.233700000000000241e-01
9.220000000000000417e-01
9.206299999999999484e-01
9.192000000000000171e-01
9.178399999999999892e-01
9.164099999999999469e-01
9.150599999999999845e-01
9.137100000000000222e-01
9.122999999999999998e-01
9.109599999999999920e-01
9.095600000000000351e-01
9.082299999999999818e-01
9.069000000000000394e-01
9.055100000000000371e-01
9.041900000000000492e-01
9.028000000000000469e-01
9.014900000000000135e-01
9.001200000000000312e-01
8.988099999999999978e-01
8.975100000000000300e-01
8.961500000000000021e-01
8.948500000000000343e-01
8.934999999999999609e-01
8.922099999999999476e-01
8.909299999999999997e-01
8.895899999999999919e-01
8.883199999999999985e-01
8.869799999999999907e-01
8.857099999999999973e-01
