-1.500000000000000000e+01
-1.359999999999999964e+01
-1.209999999999999964e+01
-1.069999999999999929e+01
-9.300000000000000711e+00
-7.900000000000000355e+00
-6.400000000000000355e+00
-5.000000000000000000e+00
-3.600000000000000089e+00
-2.100000000000000089e+00
-6.999999999999999556e-01
6.999999999999999556e-01
2.100000000000000089e+00
3.600000000000000089e+00
5.000000000000000000e+00
6.400000000000000355e+00
7.900000000000000355e+00
9.300000000000000711e+00
1.069999999999999929e+01
1.209999999999999964e+01
1.359999999999999964e+01
1.500000000000000000e+01
