4.270499999999999852e-01 5.894800000000000040e-01 6.952199999999999491e-01 7.620400000000000507e-01 8.023000000000000131e-01 8.246299999999999741e-01 8.353099999999999969e-01 8.394700000000000495e-01 8.405799999999999939e-01 8.401999999999999469e-01 8.385200000000000431e-01 8.362500000000000488e-01 8.338600000000000456e-01 8.317900000000000293e-01 8.300800000000000400e-01 8.289400000000000102e-01 8.285099999999999687e-01 8.287099999999999467e-01 8.296099999999999586e-01 8.312500000000000444e-01 8.335200000000000387e-01 8.365099999999999758e-01
4.227600000000000247e-01 5.860100000000000309e-01 6.925799999999999734e-01 7.602100000000000524e-01 8.012200000000000433e-01 8.241800000000000237e-01 8.353899999999999659e-01 8.399600000000000399e-01 8.413500000000000423e-01 8.410999999999999588e-01 8.394000000000000350e-01 8.369699999999999918e-01 8.343399999999999705e-01 8.320300000000000473e-01 8.300800000000000400e-01 8.287200000000000122e-01 8.280699999999999728e-01 8.280300000000000438e-01 8.286499999999999977e-01 8.299299999999999455e-01 8.317999999999999838e-01 8.343300000000000161e-01
4.192199999999999815e-01 5.831199999999999717e-01 6.903700000000000392e-01 7.586800000000000210e-01 8.003099999999999659e-01 8.237799999999999567e-01 8.354399999999999604e-01 8.403699999999999504e-01 8.419900000000000162e-01 8.418499999999999872e-01 8.401300000000000434e-01 8.375700000000000367e-01 8.347299999999999720e-01 8.322199999999999598e-01 8.300699999999999745e-01 8.285099999999999687e-01 8.276700000000000168e-01 8.274299999999999988e-01 8.277900000000000258e-01 8.287600000000000522e-01 8.302599999999999980e-01 8.323800000000000088e-01
4.164300000000000224e-01 5.808100000000000485e-01 6.885799999999999699e-01 7.574300000000000477e-01 7.995499999999999829e-01 8.234399999999999498e-01 8.354500000000000259e-01 8.406700000000000284e-01 8.425000000000000266e-01 8.424500000000000322e-01 8.407200000000000228e-01 8.380400000000000071e-01 8.350400000000000045e-01 8.323700000000000543e-01 8.300499999999999545e-01 8.283300000000000107e-01 8.273200000000000554e-01 8.268999999999999684e-01 8.270399999999999974e-01 8.277299999999999658e-01 8.289100000000000357e-01 8.306499999999999995e-01
4.143800000000000261e-01 5.790899999999999936e-01 6.872200000000000530e-01 7.564600000000000213e-01 7.989500000000000490e-01 8.231500000000000483e-01 8.354399999999999604e-01 8.408900000000000263e-01 8.428600000000000536e-01 8.428900000000000281e-01 8.411600000000000188e-01 8.384000000000000341e-01 8.352699999999999569e-01 8.324599999999999778e-01 8.300199999999999800e-01 8.281699999999999617e-01 8.270300000000000429e-01 8.264500000000000179e-01 8.264000000000000234e-01 8.268499999999999739e-01 8.277499999999999858e-01 8.291600000000000081e-01
4.130800000000000027e-01 5.779400000000000093e-01 6.862899999999999556e-01 7.557899999999999618e-01 7.985200000000000076e-01 8.229199999999999848e-01 8.354000000000000314e-01 8.409999999999999698e-01 8.430900000000000061e-01 8.431800000000000406e-01 8.414500000000000313e-01 8.386299999999999866e-01 8.354099999999999859e-01 8.325099999999999723e-01 8.299800000000000511e-01 8.280300000000000438e-01 8.267799999999999594e-01 8.260800000000000365e-01 8.258699999999999930e-01 8.261100000000000110e-01 8.267799999999999594e-01 8.278999999999999693e-01
4.133600000000000052e-01 5.781500000000000528e-01 6.865299999999999736e-01 7.560799999999999743e-01 7.988199999999999745e-01 8.232199999999999518e-01 8.356900000000000439e-01 8.412899999999999823e-01 8.433800000000000185e-01 8.434399999999999675e-01 8.416500000000000092e-01 8.387400000000000411e-01 8.354599999999999804e-01 8.325099999999999723e-01 8.299299999999999455e-01 8.279199999999999893e-01 8.266099999999999559e-01 8.258299999999999530e-01 8.255000000000000115e-01 8.255799999999999805e-01 8.260499999999999510e-01 8.269100000000000339e-01
4.142700000000000271e-01 5.787999999999999812e-01 6.870199999999999640e-01 7.564499999999999558e-01 7.990699999999999470e-01 8.233599999999999808e-01 8.357599999999999474e-01 8.413199999999999568e-01 8.433899999999999730e-01 8.434399999999999675e-01 8.416200000000000347e-01 8.387000000000000011e-01 8.354000000000000314e-01 8.324500000000000233e-01 8.298600000000000421e-01 8.278400000000000203e-01 8.264899999999999469e-01 8.256599999999999495e-01 8.252500000000000391e-01 8.252300000000000191e-01 8.255599999999999605e-01 8.262300000000000200e-01
4.149999999999999800e-01 5.791899999999999826e-01 6.871599999999999930e-01 7.564100000000000268e-01 7.989199999999999635e-01 8.231300000000000283e-01 8.354700000000000459e-01 8.410100000000000353e-01 8.430900000000000061e-01 8.431699999999999751e-01 8.414000000000000368e-01 8.385200000000000431e-01 8.352699999999999569e-01 8.323599999999999888e-01 8.297799999999999621e-01 8.277600000000000513e-01 8.263800000000000034e-01 8.255099999999999660e-01 8.250399999999999956e-01 8.249499999999999611e-01 8.251600000000000046e-01 8.256799999999999695e-01
4.152100000000000235e-01 5.790199999999999791e-01 6.867299999999999516e-01 7.558500000000000218e-01 7.982900000000000551e-01 8.225000000000000089e-01 8.348600000000000465e-01 8.404500000000000304e-01 8.425899999999999501e-01 8.427499999999999991e-01 8.410699999999999843e-01 8.382800000000000251e-01 8.351100000000000190e-01 8.322399999999999798e-01 8.296900000000000386e-01 8.276599999999999513e-01 8.262599999999999945e-01 8.253500000000000281e-01 8.248299999999999521e-01 8.246700000000000141e-01 8.247999999999999776e-01 8.251899999999999791e-01
4.148999999999999910e-01 5.784200000000000452e-01 6.859300000000000397e-01 7.549599999999999644e-01 7.974099999999999522e-01 8.216499999999999915e-01 8.340699999999999781e-01 8.397400000000000420e-01 8.419699999999999962e-01 8.422300000000000342e-01 8.406700000000000284e-01 8.379999999999999671e-01 8.349199999999999955e-01 8.320999999999999508e-01 8.295799999999999841e-01 8.275500000000000078e-01 8.261300000000000310e-01 8.251899999999999791e-01 8.246200000000000196e-01 8.244000000000000217e-01 8.244500000000000162e-01 8.247299999999999631e-01
4.141599999999999726e-01 5.774799999999999933e-01 6.848600000000000243e-01 7.538500000000000201e-01 7.963400000000000478e-01 8.206499999999999906e-01 8.331600000000000117e-01 8.389100000000000446e-01 8.412500000000000533e-01 8.416299999999999892e-01 8.402100000000000124e-01 8.376799999999999802e-01 8.346900000000000430e-01 8.319299999999999473e-01 8.294500000000000206e-01 8.274299999999999988e-01 8.259999999999999565e-01 8.250499999999999501e-01 8.244299999999999962e-01 8.241500000000000492e-01 8.241300000000000292e-01 8.243200000000000527e-01
4.131900000000000017e-01 5.763700000000000490e-01 6.836699999999999999e-01 7.526500000000000412e-01 7.951899999999999524e-01 8.195799999999999752e-01 8.321699999999999653e-01 8.380300000000000527e-01 8.404599999999999849e-01 8.409499999999999753e-01 8.396700000000000275e-01 8.372800000000000242e-01 8.344099999999999850e-01 8.317400000000000349e-01 8.293000000000000371e-01 8.273200000000000554e-01 8.258900000000000130e-01 8.249199999999999866e-01 8.242699999999999472e-01 8.239300000000000512e-01 8.238400000000000167e-01 8.239499999999999602e-01
4.121600000000000263e-01 5.752000000000000446e-01 6.824299999999999811e-01 7.513900000000000023e-01 7.939899999999999736e-01 8.184700000000000308e-01 8.311699999999999644e-01 8.371100000000000207e-01 8.396400000000000530e-01 8.402399999999999869e-01 8.390900000000000025e-01 8.368400000000000283e-01 8.340999999999999526e-01 8.315099999999999714e-01 8.291399999999999881e-01 8.272000000000000464e-01 8.257900000000000240e-01 8.248100000000000431e-01 8.241300000000000292e-01 8.237400000000000277e-01 8.235900000000000443e-01 8.236200000000000188e-01
4.112799999999999789e-01 5.741699999999999582e-01 6.813099999999999712e-01 7.502499999999999725e-01 7.929000000000000492e-01 8.174599999999999644e-01 8.302399999999999780e-01 8.362699999999999578e-01 8.388799999999999590e-01 8.395599999999999730e-01 8.385200000000000431e-01 8.364000000000000323e-01 8.337700000000000111e-01 8.312800000000000189e-01 8.289900000000000047e-01 8.270899999999999919e-01 8.256999999999999895e-01 8.247200000000000086e-01 8.240100000000000202e-01 8.235799999999999788e-01 8.233700000000000463e-01 8.233399999999999608e-01
4.107000000000000095e-01 5.734099999999999753e-01 6.804200000000000248e-01 7.493300000000000516e-01 7.919899999999999718e-01 8.166099999999999470e-01 8.294500000000000206e-01 8.355399999999999494e-01 8.382100000000000106e-01 8.389600000000000390e-01 8.380100000000000326e-01 8.359999999999999654e-01 8.334799999999999986e-01 8.310699999999999754e-01 8.288400000000000212e-01 8.269800000000000484e-01 8.256099999999999550e-01 8.246299999999999741e-01 8.239100000000000312e-01 8.234399999999999498e-01 8.231899999999999773e-01 8.230899999999999883e-01
4.103800000000000225e-01 5.729100000000000303e-01 6.797999999999999599e-01 7.486399999999999721e-01 7.912900000000000489e-01 8.159199999999999786e-01 8.287799999999999612e-01 8.349100000000000410e-01 8.376299999999999857e-01 8.384300000000000086e-01 8.375700000000000367e-01 8.356299999999999839e-01 8.332100000000000062e-01 8.308699999999999974e-01 8.286999999999999922e-01 8.268799999999999484e-01 8.255400000000000515e-01 8.245599999999999596e-01 8.238299999999999512e-01 8.233300000000000063e-01 8.230399999999999938e-01 8.228900000000000103e-01
4.102399999999999936e-01 5.726200000000000179e-01 6.794000000000000039e-01 7.481799999999999562e-01 7.907999999999999474e-01 8.154099999999999682e-01 8.282699999999999507e-01 8.344099999999999850e-01 8.371499999999999497e-01 8.379900000000000126e-01 8.371800000000000352e-01 8.353099999999999969e-01 8.329600000000000337e-01 8.306900000000000395e-01 8.285700000000000287e-01 8.267900000000000249e-01 8.254599999999999715e-01 8.245000000000000107e-01 8.237600000000000477e-01 8.232399999999999718e-01 8.229199999999999848e-01 8.227100000000000524e-01
4.099999999999999756e-01 5.722899999999999654e-01 6.790399999999999769e-01 7.478099999999999747e-01 7.904099999999999460e-01 8.149999999999999467e-01 8.278499999999999748e-01 8.339800000000000546e-01 8.367400000000000393e-01 8.376000000000000112e-01 8.368200000000000083e-01 8.350199999999999845e-01 8.327299999999999702e-01 8.305200000000000360e-01 8.284500000000000197e-01 8.267099999999999449e-01 8.253899999999999570e-01 8.244299999999999962e-01 8.236900000000000333e-01 8.231699999999999573e-01 8.228199999999999958e-01 8.225700000000000234e-01
4.095199999999999951e-01 5.718199999999999950e-01 6.786200000000000010e-01 7.474499999999999478e-01 7.900899999999999590e-01 8.146900000000000253e-01 8.275299999999999878e-01 8.336500000000000021e-01 8.364099999999999868e-01 8.372800000000000242e-01 8.365299999999999958e-01 8.347599999999999465e-01 8.325200000000000378e-01 8.303599999999999870e-01 8.283300000000000107e-01 8.266200000000000214e-01 8.253300000000000081e-01 8.243700000000000472e-01 8.236299999999999732e-01 8.231000000000000538e-01 8.227299999999999613e-01 8.224500000000000144e-01
4.087899999999999867e-01 5.711800000000000210e-01 6.780699999999999505e-01 7.470099999999999518e-01 7.897199999999999775e-01 8.143399999999999528e-01 8.271899999999999809e-01 8.333300000000000152e-01 8.360999999999999543e-01 8.369900000000000118e-01 8.362600000000000033e-01 8.345200000000000395e-01 8.323199999999999488e-01 8.302000000000000490e-01 8.282100000000000017e-01 8.265299999999999869e-01 8.252599999999999936e-01 8.243099999999999872e-01 8.235799999999999788e-01 8.230399999999999938e-01 8.226400000000000379e-01 8.223300000000000054e-01
4.080599999999999783e-01 5.705400000000000471e-01 6.775299999999999656e-01 7.465699999999999559e-01 7.893400000000000416e-01 8.139999999999999458e-01 8.268799999999999484e-01 8.330300000000000482e-01 8.358100000000000529e-01 8.367299999999999738e-01 8.360199999999999854e-01 8.343099999999999961e-01 8.321300000000000363e-01 8.300499999999999545e-01 8.280899999999999928e-01 8.264399999999999524e-01 8.251899999999999791e-01 8.242599999999999927e-01 8.235299999999999843e-01 8.229800000000000448e-01 8.225700000000000234e-01 8.222199999999999509e-01
4.074499999999999789e-01 5.699999999999999512e-01 6.770500000000000407e-01 7.461499999999999799e-01 7.889699999999999491e-01 8.136600000000000499e-01 8.265599999999999614e-01 8.327299999999999702e-01 8.355399999999999494e-01 8.364800000000000013e-01 8.357999999999999874e-01 8.341199999999999726e-01 8.319699999999999873e-01 8.299100000000000366e-01 8.279800000000000493e-01 8.263599999999999834e-01 8.251300000000000301e-01 8.242099999999999982e-01 8.234900000000000553e-01 8.229300000000000503e-01 8.225000000000000089e-01 8.221300000000000274e-01
4.070099999999999829e-01 5.695799999999999752e-01 6.766499999999999737e-01 7.457599999999999785e-01 7.886199999999999877e-01 8.133500000000000174e-01 8.262699999999999489e-01 8.324599999999999778e-01 8.352899999999999769e-01 8.362500000000000488e-01 8.356000000000000094e-01 8.339499999999999691e-01 8.318200000000000038e-01 8.297900000000000276e-01 8.278900000000000148e-01 8.262899999999999689e-01 8.250800000000000356e-01 8.241600000000000037e-01 8.234500000000000153e-01 8.228799999999999448e-01 8.224399999999999489e-01 8.220499999999999474e-01
4.066299999999999915e-01 5.691899999999999737e-01 6.762299999999999978e-01 7.453400000000000025e-01 7.882299999999999862e-01 8.129899999999999904e-01 8.259499999999999620e-01 8.321699999999999653e-01 8.350199999999999845e-01 8.360199999999999854e-01 8.354099999999999859e-01 8.337999999999999856e-01 8.316999999999999948e-01 8.296900000000000386e-01 8.277999999999999803e-01 8.262199999999999545e-01 8.250199999999999756e-01 8.241199999999999637e-01 8.234000000000000208e-01 8.228299999999999503e-01 8.223799999999999999e-01 8.219800000000000439e-01
4.063700000000000090e-01 5.688499999999999668e-01 6.758100000000000218e-01 7.448900000000000521e-01 7.877899999999999903e-01 8.125799999999999690e-01 8.255700000000000260e-01 8.318100000000000493e-01 8.346999999999999975e-01 8.357400000000000384e-01 8.351899999999999880e-01 8.336299999999999821e-01 8.315799999999999859e-01 8.296000000000000041e-01 8.277299999999999658e-01 8.261600000000000055e-01 8.249699999999999811e-01 8.240699999999999692e-01 8.233500000000000263e-01 8.227799999999999558e-01 8.223300000000000054e-01 8.219199999999999839e-01
4.062500000000000000e-01 5.685799999999999743e-01 6.754099999999999548e-01 7.444100000000000161e-01 7.872900000000000453e-01 8.120899999999999785e-01 8.251100000000000101e-01 8.313800000000000079e-01 8.343099999999999961e-01 8.354099999999999859e-01 8.349299999999999500e-01 8.334399999999999586e-01 8.314599999999999769e-01 8.295099999999999696e-01 8.276700000000000168e-01 8.261100000000000110e-01 8.249199999999999866e-01 8.240199999999999747e-01 8.232899999999999663e-01 8.227100000000000524e-01 8.222599999999999909e-01 8.218600000000000350e-01
4.062899999999999845e-01 5.684200000000000363e-01 6.750899999999999679e-01 7.439700000000000202e-01 7.868000000000000549e-01 8.115999999999999881e-01 8.246200000000000196e-01 8.309199999999999919e-01 8.338799999999999546e-01 8.350300000000000500e-01 8.346400000000000485e-01 8.332300000000000262e-01 8.313199999999999479e-01 8.294200000000000461e-01 8.276099999999999568e-01 8.260699999999999710e-01 8.248799999999999466e-01 8.239600000000000257e-01 8.232199999999999518e-01 8.226299999999999724e-01 8.221899999999999764e-01 8.217999999999999750e-01
4.064300000000000135e-01 5.683799999999999963e-01 6.748899999999999899e-01 7.436399999999999677e-01 7.863900000000000334e-01 8.111500000000000377e-01 8.241699999999999582e-01 8.305000000000000160e-01 8.334899999999999531e-01 8.346900000000000430e-01 8.343500000000000361e-01 8.330199999999999827e-01 8.311800000000000299e-01 8.293399999999999661e-01 8.275700000000000278e-01 8.260300000000000420e-01 8.248400000000000176e-01 8.238999999999999657e-01 8.231399999999999828e-01 8.225599999999999579e-01 8.221199999999999619e-01 8.217400000000000260e-01
4.067700000000000204e-01 5.685900000000000398e-01 6.749699999999999589e-01 7.435599999999999987e-01 7.861900000000000555e-01 8.108899999999999997e-01 8.238900000000000112e-01 8.302100000000000035e-01 8.332100000000000062e-01 8.344300000000000050e-01 8.341300000000000381e-01 8.328600000000000447e-01 8.310699999999999754e-01 8.292699999999999516e-01 8.275200000000000333e-01 8.259999999999999565e-01 8.247999999999999776e-01 8.238499999999999712e-01 8.230800000000000338e-01 8.224900000000000544e-01 8.220600000000000129e-01 8.216799999999999660e-01
4.073999999999999844e-01 5.691599999999999993e-01 6.754099999999999548e-01 7.438399999999999457e-01 7.863200000000000189e-01 8.109100000000000197e-01 8.238400000000000167e-01 8.301100000000000145e-01 8.330899999999999972e-01 8.342899999999999761e-01 8.339900000000000091e-01 8.327400000000000357e-01 8.309900000000000064e-01 8.292100000000000026e-01 8.274799999999999933e-01 8.259600000000000275e-01 8.247600000000000486e-01 8.238100000000000422e-01 8.230300000000000393e-01 8.224399999999999489e-01 8.220100000000000184e-01 8.216299999999999715e-01
4.082799999999999763e-01 5.700100000000000167e-01 6.761800000000000033e-01 7.444600000000000106e-01 7.867800000000000349e-01 8.112399999999999611e-01 8.240499999999999492e-01 8.302300000000000235e-01 8.331300000000000372e-01 8.342699999999999561e-01 8.339400000000000146e-01 8.326799999999999757e-01 8.309299999999999464e-01 8.291600000000000081e-01 8.274399999999999533e-01 8.259300000000000530e-01 8.247299999999999631e-01 8.237900000000000222e-01 8.229999999999999538e-01 8.224200000000000399e-01 8.219699999999999784e-01 8.215900000000000425e-01
4.091600000000000237e-01 5.708999999999999631e-01 6.770199999999999552e-01 7.451999999999999735e-01 7.873999999999999888e-01 8.117400000000000171e-01 8.244099999999999762e-01 8.304599999999999760e-01 8.332600000000000007e-01 8.343300000000000161e-01 8.339400000000000146e-01 8.326599999999999557e-01 8.308900000000000174e-01 8.291199999999999681e-01 8.274000000000000243e-01 8.258999999999999675e-01 8.247100000000000541e-01 8.237799999999999567e-01 8.229999999999999538e-01 8.224099999999999744e-01 8.219600000000000239e-01 8.215500000000000025e-01
4.097299999999999831e-01 5.715099999999999625e-01 6.776299999999999546e-01 7.457799999999999985e-01 7.879199999999999537e-01 8.121599999999999930e-01 8.247200000000000086e-01 8.306499999999999995e-01 8.333599999999999897e-01 8.343599999999999905e-01 8.339400000000000146e-01 8.326299999999999812e-01 8.308400000000000230e-01 8.290699999999999736e-01 8.273599999999999843e-01 8.258699999999999930e-01 8.246999999999999886e-01 8.237799999999999567e-01 8.230199999999999738e-01 8.224299999999999944e-01 8.219600000000000239e-01 8.215200000000000280e-01
4.097700000000000231e-01 5.715900000000000425e-01 6.777400000000000091e-01 7.458900000000000530e-01 7.880200000000000538e-01 8.122300000000000075e-01 8.247400000000000286e-01 8.306299999999999795e-01 8.332899999999999752e-01 8.342800000000000216e-01 8.338499999999999801e-01 8.325500000000000123e-01 8.307700000000000085e-01 8.290100000000000247e-01 8.273099999999999898e-01 8.258400000000000185e-01 8.246999999999999886e-01 8.237999999999999767e-01 8.230399999999999938e-01 8.224500000000000144e-01 8.219600000000000239e-01 8.215000000000000080e-01
4.092299999999999827e-01 5.710699999999999665e-01 6.772299999999999986e-01 7.454199999999999715e-01 7.875799999999999468e-01 8.118300000000000516e-01 8.243700000000000472e-01 8.302899999999999725e-01 8.329900000000000082e-01 8.340300000000000491e-01 8.336599999999999566e-01 8.324099999999999833e-01 8.306700000000000195e-01 8.289400000000000102e-01 8.272699999999999498e-01 8.258199999999999985e-01 8.246900000000000341e-01 8.237999999999999767e-01 8.230699999999999683e-01 8.224700000000000344e-01 8.219600000000000239e-01 8.214700000000000335e-01
4.081600000000000228e-01 5.699899999999999967e-01 6.761800000000000033e-01 7.444199999999999706e-01 7.866600000000000259e-01 8.110000000000000542e-01 8.236499999999999932e-01 8.296900000000000386e-01 8.325099999999999723e-01 8.336500000000000021e-01 8.333800000000000097e-01 8.322199999999999598e-01 8.305500000000000105e-01 8.288699999999999957e-01 8.272300000000000209e-01 8.257999999999999785e-01 8.246900000000000341e-01 8.238100000000000422e-01 8.230800000000000338e-01 8.224700000000000344e-01 8.219499999999999584e-01 8.214399999999999480e-01
4.067299999999999804e-01 5.685599999999999543e-01 6.747900000000000009e-01 7.431100000000000483e-01 7.854600000000000470e-01 8.099399999999999933e-01 8.227499999999999813e-01 8.289600000000000302e-01 8.319400000000000128e-01 8.332199999999999607e-01 8.330800000000000427e-01 8.320100000000000273e-01 8.304300000000000015e-01 8.287999999999999812e-01 8.272000000000000464e-01 8.257900000000000240e-01 8.246799999999999686e-01 8.238100000000000422e-01 8.230699999999999683e-01 8.224500000000000144e-01 8.219199999999999839e-01 8.214099999999999735e-01
4.052200000000000246e-01 5.670699999999999630e-01 6.733500000000000041e-01 7.417700000000000404e-01 7.842500000000000027e-01 8.088699999999999779e-01 8.218699999999999894e-01 8.282699999999999507e-01 8.314200000000000479e-01 8.328499999999999792e-01 8.328200000000000047e-01 8.318499999999999783e-01 8.303300000000000125e-01 8.287499999999999867e-01 8.271800000000000264e-01 8.257900000000000240e-01 8.246900000000000341e-01 8.237999999999999767e-01 8.230600000000000138e-01 8.224299999999999944e-01 8.218999999999999639e-01 8.213700000000000445e-01
4.038900000000000268e-01 5.657600000000000406e-01 6.721099999999999852e-01 7.406300000000000106e-01 7.832299999999999818e-01 8.080000000000000515e-01 8.211500000000000465e-01 8.277200000000000113e-01 8.310199999999999809e-01 8.325599999999999667e-01 8.326299999999999812e-01 8.317299999999999693e-01 8.302599999999999980e-01 8.287099999999999467e-01 8.271600000000000064e-01 8.257799999999999585e-01 8.246799999999999686e-01 8.237999999999999767e-01 8.230499999999999483e-01 8.224099999999999744e-01 8.218699999999999894e-01 8.213399999999999590e-01
4.031299999999999883e-01 5.649999999999999467e-01 6.716100000000000403e-01 7.399200000000000221e-01 7.825800000000000534e-01 8.074200000000000266e-01 8.206700000000000106e-01 8.273500000000000298e-01 8.307600000000000540e-01 8.323800000000000088e-01 8.325099999999999723e-01 8.316500000000000004e-01 8.302000000000000490e-01 8.286799999999999722e-01 8.271399999999999864e-01 8.257700000000000040e-01 8.246799999999999686e-01 8.237900000000000222e-01 8.230399999999999938e-01 8.223899999999999544e-01 8.218499999999999694e-01 8.213200000000000500e-01
4.028200000000000114e-01 5.646600000000000508e-01 6.711700000000000443e-01 7.395399999999999752e-01 7.822200000000000264e-01 8.070899999999999741e-01 8.203899999999999526e-01 8.271199999999999664e-01 8.305900000000000505e-01 8.322599999999999998e-01 8.324300000000000033e-01 8.315900000000000514e-01 8.301600000000000090e-01 8.286499999999999977e-01 8.271199999999999664e-01 8.257600000000000495e-01 8.246700000000000141e-01 8.237799999999999567e-01 8.230199999999999738e-01 8.223799999999999999e-01 8.218400000000000150e-01 8.213200000000000500e-01
4.028999999999999804e-01 5.646700000000000053e-01 6.708199999999999719e-01 7.394500000000000517e-01 7.821099999999999719e-01 8.069800000000000306e-01 8.202800000000000091e-01 8.270199999999999774e-01 8.305000000000000160e-01 8.322000000000000508e-01 8.323800000000000088e-01 8.315599999999999659e-01 8.301300000000000345e-01 8.286200000000000232e-01 8.270899999999999919e-01 8.257400000000000295e-01 8.246499999999999941e-01 8.237700000000000022e-01 8.230100000000000193e-01 8.223700000000000454e-01 8.218400000000000150e-01 8.213099999999999845e-01
4.032600000000000073e-01 5.649499999999999522e-01 6.705299999999999594e-01 7.395699999999999497e-01 7.821900000000000519e-01 8.070199999999999596e-01 8.202899999999999636e-01 8.270199999999999774e-01 8.304899999999999505e-01 8.321800000000000308e-01 8.323700000000000543e-01 8.315399999999999459e-01 8.301100000000000145e-01 8.286000000000000032e-01 8.270699999999999719e-01 8.257200000000000095e-01 8.246400000000000396e-01 8.237499999999999822e-01 8.229999999999999538e-01 8.223599999999999799e-01 8.218299999999999494e-01 8.213000000000000300e-01
4.038200000000000123e-01 5.654200000000000337e-01 6.703200000000000269e-01 7.398400000000000531e-01 7.823799999999999644e-01 8.071700000000000541e-01 8.204000000000000181e-01 8.270800000000000374e-01 8.305200000000000360e-01 8.322000000000000508e-01 8.323700000000000543e-01 8.315399999999999459e-01 8.300999999999999490e-01 8.285799999999999832e-01 8.270499999999999519e-01 8.256900000000000350e-01 8.246099999999999541e-01 8.237299999999999622e-01 8.229800000000000448e-01 8.223500000000000254e-01 8.218299999999999494e-01 8.213000000000000300e-01
4.043800000000000172e-01 5.659100000000000241e-01 6.701000000000000290e-01 7.401400000000000201e-01 7.826100000000000279e-01 8.073399999999999466e-01 8.205299999999999816e-01 8.271699999999999608e-01 8.305799999999999850e-01 8.322199999999999598e-01 8.323800000000000088e-01 8.315399999999999459e-01 8.300899999999999945e-01 8.285700000000000287e-01 8.270300000000000429e-01 8.256700000000000150e-01 8.245900000000000452e-01 8.237100000000000533e-01 8.229699999999999793e-01 8.223399999999999599e-01 8.218199999999999950e-01 8.212800000000000100e-01
4.048100000000000032e-01 5.662800000000000056e-01 6.698199999999999710e-01 7.403699999999999726e-01 7.827800000000000313e-01 8.074700000000000211e-01 8.206200000000000161e-01 8.272399999999999753e-01 8.306299999999999795e-01 8.322500000000000453e-01 8.324000000000000288e-01 8.315500000000000114e-01 8.300999999999999490e-01 8.285700000000000287e-01 8.270199999999999774e-01 8.256599999999999495e-01 8.245700000000000252e-01 8.236900000000000333e-01 8.229400000000000048e-01 8.223300000000000054e-01 8.217999999999999750e-01 8.212699999999999445e-01
4.049800000000000066e-01 5.664400000000000546e-01 6.694700000000000095e-01 7.404600000000000071e-01 7.828399999999999803e-01 8.075099999999999500e-01 8.206599999999999451e-01 8.272699999999999498e-01 8.306499999999999995e-01 8.322699999999999543e-01 8.324200000000000488e-01 8.315599999999999659e-01 8.300999999999999490e-01 8.285700000000000287e-01 8.270100000000000229e-01 8.256400000000000405e-01 8.245500000000000052e-01 8.236700000000000133e-01 8.229199999999999848e-01 8.223000000000000309e-01 8.217799999999999550e-01 8.212500000000000355e-01
4.049599999999999866e-01 5.664099999999999691e-01 6.691300000000000026e-01 7.404199999999999671e-01 7.828100000000000058e-01 8.074900000000000411e-01 8.206499999999999906e-01 8.272699999999999498e-01 8.306700000000000195e-01 8.323000000000000398e-01 8.324500000000000233e-01 8.315799999999999859e-01 8.301100000000000145e-01 8.285700000000000287e-01 8.270100000000000229e-01 8.256299999999999750e-01 8.245299999999999851e-01 8.236499999999999932e-01 8.228900000000000103e-01 8.222800000000000109e-01 8.217600000000000460e-01 8.212199999999999500e-01
4.048999999999999821e-01 5.663300000000000001e-01 6.689899999999999736e-01 7.403499999999999526e-01 7.827399999999999913e-01 8.074400000000000466e-01 8.206200000000000161e-01 8.272699999999999498e-01 8.306900000000000395e-01 8.323399999999999688e-01 8.324799999999999978e-01 8.316099999999999604e-01 8.301199999999999690e-01 8.285700000000000287e-01 8.269999999999999574e-01 8.256200000000000205e-01 8.245200000000000307e-01 8.236400000000000388e-01 8.228799999999999448e-01 8.222599999999999909e-01 8.217299999999999605e-01 8.211899999999999755e-01
4.050799999999999956e-01 5.664200000000000346e-01 6.692700000000000315e-01 7.403399999999999981e-01 7.827100000000000168e-01 8.074000000000000066e-01 8.205900000000000416e-01 8.272599999999999953e-01 8.306999999999999940e-01 8.323599999999999888e-01 8.325099999999999723e-01 8.316299999999999804e-01 8.301300000000000345e-01 8.285700000000000287e-01 8.269900000000000029e-01 8.256099999999999550e-01 8.245000000000000107e-01 8.236200000000000188e-01 8.228699999999999903e-01 8.222399999999999709e-01 8.217200000000000060e-01 8.211600000000000010e-01
4.053499999999999881e-01 5.665799999999999725e-01 6.693500000000000005e-01 7.403399999999999981e-01 7.826699999999999768e-01 8.073299999999999921e-01 8.205200000000000271e-01 8.271899999999999809e-01 8.306499999999999995e-01 8.323399999999999688e-01 8.325000000000000178e-01 8.316200000000000259e-01 8.301300000000000345e-01 8.285599999999999632e-01 8.269800000000000484e-01 8.256000000000000005e-01 8.245000000000000107e-01 8.236200000000000188e-01 8.228600000000000358e-01 8.222399999999999709e-01 8.216999999999999860e-01 8.211399999999999810e-01
4.056699999999999751e-01 5.667699999999999960e-01 6.694400000000000350e-01 7.403600000000000181e-01 7.826100000000000279e-01 8.072300000000000031e-01 8.203799999999999981e-01 8.270499999999999519e-01 8.305200000000000360e-01 8.322199999999999598e-01 8.324200000000000488e-01 8.315700000000000314e-01 8.300899999999999945e-01 8.285299999999999887e-01 8.269600000000000284e-01 8.255900000000000460e-01 8.245000000000000107e-01 8.236200000000000188e-01 8.228699999999999903e-01 8.222399999999999709e-01 8.216999999999999860e-01 8.211300000000000265e-01
4.059900000000000175e-01 5.669699999999999740e-01 6.695400000000000240e-01 7.403600000000000181e-01 7.825299999999999478e-01 8.070800000000000196e-01 8.201800000000000201e-01 8.268199999999999994e-01 8.302899999999999725e-01 8.320199999999999818e-01 8.322500000000000453e-01 8.314500000000000224e-01 8.299999999999999600e-01 8.284799999999999942e-01 8.269300000000000539e-01 8.255700000000000260e-01 8.244899999999999451e-01 8.236200000000000188e-01 8.228699999999999903e-01 8.222399999999999709e-01 8.216900000000000315e-01 8.211100000000000065e-01
4.061899999999999955e-01 5.670500000000000540e-01 6.695499999999999785e-01 7.402999999999999581e-01 7.823900000000000299e-01 8.068699999999999761e-01 8.199100000000000277e-01 8.265099999999999669e-01 8.299699999999999855e-01 8.317200000000000149e-01 8.320100000000000273e-01 8.312699999999999534e-01 8.298900000000000166e-01 8.284099999999999797e-01 8.268900000000000139e-01 8.255500000000000060e-01 8.244899999999999451e-01 8.236200000000000188e-01 8.228600000000000358e-01 8.222300000000000164e-01 8.216700000000000115e-01 8.210899999999999865e-01
4.061199999999999810e-01 5.669100000000000250e-01 6.693500000000000005e-01 7.400600000000000511e-01 7.821099999999999719e-01 8.065400000000000347e-01 8.195400000000000462e-01 8.261199999999999655e-01 8.295900000000000496e-01 8.313700000000000534e-01 8.317200000000000149e-01 8.310600000000000209e-01 8.297400000000000331e-01 8.283199999999999452e-01 8.268400000000000194e-01 8.255200000000000315e-01 8.244700000000000362e-01 8.236099999999999532e-01 8.228499999999999703e-01 8.222099999999999964e-01 8.216400000000000370e-01 8.210499999999999465e-01
4.056600000000000206e-01 5.664200000000000346e-01 6.688600000000000101e-01 7.395699999999999497e-01 7.816300000000000470e-01 8.060800000000000187e-01 8.190800000000000303e-01 8.256700000000000150e-01 8.291699999999999626e-01 8.309999999999999609e-01 8.314300000000000024e-01 8.308400000000000230e-01 8.295900000000000496e-01 8.282199999999999562e-01 8.267799999999999594e-01 8.254899999999999460e-01 8.244500000000000162e-01 8.235900000000000443e-01 8.228299999999999503e-01 8.221800000000000219e-01 8.216099999999999515e-01 8.210199999999999720e-01
4.048900000000000277e-01 5.656499999999999861e-01 6.681099999999999817e-01 7.388700000000000268e-01 7.810000000000000275e-01 8.055099999999999483e-01 8.185700000000000198e-01 8.252199999999999536e-01 8.287799999999999612e-01 8.306700000000000195e-01 8.311699999999999644e-01 8.306499999999999995e-01 8.294700000000000406e-01 8.281399999999999872e-01 8.267299999999999649e-01 8.254599999999999715e-01 8.244200000000000417e-01 8.235599999999999588e-01 8.227999999999999758e-01 8.221399999999999819e-01 8.215599999999999570e-01 8.209699999999999775e-01
4.040099999999999802e-01 5.647900000000000142e-01 6.672900000000000498e-01 7.381299999999999528e-01 7.803499999999999881e-01 8.049500000000000544e-01 8.181100000000000039e-01 8.248499999999999721e-01 8.284799999999999942e-01 8.304399999999999560e-01 8.309999999999999609e-01 8.305299999999999905e-01 8.293800000000000061e-01 8.280800000000000383e-01 8.266900000000000359e-01 8.254299999999999971e-01 8.243899999999999562e-01 8.235299999999999843e-01 8.227700000000000014e-01 8.221000000000000529e-01 8.215200000000000280e-01 8.209300000000000486e-01
4.032800000000000273e-01 5.641100000000000003e-01 6.666400000000000103e-01 7.375399999999999734e-01 7.798399999999999777e-01 8.045200000000000129e-01 8.177799999999999514e-01 8.246099999999999541e-01 8.283099999999999907e-01 8.303300000000000125e-01 8.309299999999999464e-01 8.304899999999999505e-01 8.293599999999999861e-01 8.280600000000000183e-01 8.266700000000000159e-01 8.254000000000000226e-01 8.243599999999999817e-01 8.235000000000000098e-01 8.227400000000000269e-01 8.220699999999999674e-01 8.214900000000000535e-01 8.208900000000000086e-01
4.028999999999999804e-01 5.637600000000000389e-01 6.663200000000000234e-01 7.372300000000000519e-01 7.795699999999999852e-01 8.043099999999999694e-01 8.176200000000000134e-01 8.245200000000000307e-01 8.282800000000000162e-01 8.303300000000000125e-01 8.309400000000000119e-01 8.305099999999999705e-01 8.293700000000000516e-01 8.280600000000000183e-01 8.266599999999999504e-01 8.253800000000000026e-01 8.243399999999999617e-01 8.234799999999999898e-01 8.227200000000000069e-01 8.220600000000000129e-01 8.214700000000000335e-01 8.208699999999999886e-01
4.029400000000000204e-01 5.638199999999999878e-01 6.663700000000000179e-01 7.372600000000000264e-01 7.795800000000000507e-01 8.043099999999999694e-01 8.176299999999999679e-01 8.245400000000000507e-01 8.283199999999999452e-01 8.303899999999999615e-01 8.309999999999999609e-01 8.305599999999999650e-01 8.294000000000000261e-01 8.280800000000000383e-01 8.266599999999999504e-01 8.253700000000000481e-01 8.243200000000000527e-01 8.234599999999999698e-01 8.226999999999999869e-01 8.220499999999999474e-01 8.214599999999999680e-01 8.208600000000000341e-01
4.034300000000000108e-01 5.643099999999999783e-01 6.668100000000000138e-01 7.376200000000000534e-01 7.798500000000000432e-01 8.045099999999999474e-01 8.177900000000000169e-01 8.246700000000000141e-01 8.284299999999999997e-01 8.304899999999999505e-01 8.310800000000000409e-01 8.306200000000000250e-01 8.294399999999999551e-01 8.280899999999999928e-01 8.266599999999999504e-01 8.253599999999999826e-01 8.243099999999999872e-01 8.234599999999999698e-01 8.226999999999999869e-01 8.220499999999999474e-01 8.214700000000000335e-01 8.208600000000000341e-01
4.043800000000000172e-01 5.652399999999999647e-01 6.676499999999999657e-01 7.383199999999999763e-01 7.804100000000000481e-01 8.049399999999999888e-01 8.181100000000000039e-01 8.249100000000000321e-01 8.286099999999999577e-01 8.306200000000000250e-01 8.311800000000000299e-01 8.306799999999999740e-01 8.294799999999999951e-01 8.281100000000000128e-01 8.266599999999999504e-01 8.253599999999999826e-01 8.243099999999999872e-01 8.234500000000000153e-01 8.226999999999999869e-01 8.220600000000000129e-01 8.214799999999999880e-01 8.208699999999999886e-01
4.057000000000000051e-01 5.665000000000000036e-01 6.688100000000000156e-01 7.393100000000000227e-01 7.812000000000000055e-01 8.055700000000000083e-01 8.185999999999999943e-01 8.252699999999999481e-01 8.288699999999999957e-01 8.307999999999999829e-01 8.312899999999999734e-01 8.307499999999999885e-01 8.295099999999999696e-01 8.281300000000000328e-01 8.266700000000000159e-01 8.253599999999999826e-01 8.243099999999999872e-01 8.234500000000000153e-01 8.226999999999999869e-01 8.220600000000000129e-01 8.214799999999999880e-01 8.208699999999999886e-01
4.071199999999999819e-01 5.678699999999999859e-01 6.700599999999999890e-01 7.403899999999999926e-01 7.820899999999999519e-01 8.063000000000000167e-01 8.191699999999999537e-01 8.256900000000000350e-01 8.291800000000000281e-01 8.310100000000000264e-01 8.314200000000000479e-01 8.308100000000000485e-01 8.295400000000000551e-01 8.281399999999999872e-01 8.266700000000000159e-01 8.253599999999999826e-01 8.243099999999999872e-01 8.234500000000000153e-01 8.226999999999999869e-01 8.220499999999999474e-01 8.214799999999999880e-01 8.208699999999999886e-01
4.083100000000000063e-01 5.690199999999999703e-01 6.711099999999999843e-01 7.412999999999999590e-01 7.828600000000000003e-01 8.069300000000000361e-01 8.196700000000000097e-01 8.260699999999999710e-01 8.294500000000000206e-01 8.311800000000000299e-01 8.315200000000000369e-01 8.308499999999999774e-01 8.295500000000000096e-01 8.281399999999999872e-01 8.266700000000000159e-01 8.253599999999999826e-01 8.243099999999999872e-01 8.234399999999999498e-01 8.226900000000000324e-01 8.220399999999999929e-01 8.214700000000000335e-01 8.208600000000000341e-01
4.090400000000000147e-01 5.696999999999999842e-01 6.717400000000000038e-01 7.418400000000000549e-01 7.833099999999999508e-01 8.072899999999999521e-01 8.199499999999999567e-01 8.262800000000000145e-01 8.295799999999999841e-01 8.312599999999999989e-01 8.315500000000000114e-01 8.308499999999999774e-01 8.295400000000000551e-01 8.281300000000000328e-01 8.266599999999999504e-01 8.253500000000000281e-01 8.242899999999999672e-01 8.234299999999999953e-01 8.226700000000000124e-01 8.220199999999999729e-01 8.214500000000000135e-01 8.208499999999999686e-01
4.092199999999999727e-01 5.698499999999999677e-01 6.718399999999999928e-01 7.419000000000000039e-01 7.833299999999999708e-01 8.073000000000000176e-01 8.199300000000000477e-01 8.262500000000000400e-01 8.295400000000000551e-01 8.312000000000000499e-01 8.314899999999999514e-01 8.307999999999999829e-01 8.295000000000000151e-01 8.280999999999999472e-01 8.266299999999999759e-01 8.253300000000000081e-01 8.242699999999999472e-01 8.234099999999999753e-01 8.226499999999999924e-01 8.219999999999999529e-01 8.214299999999999935e-01 8.208299999999999486e-01
4.089300000000000157e-01 5.695200000000000262e-01 6.714799999999999658e-01 7.415300000000000225e-01 7.829599999999999893e-01 8.069499999999999451e-01 8.196099999999999497e-01 8.259699999999999820e-01 8.293000000000000371e-01 8.310100000000000264e-01 8.313399999999999679e-01 8.306900000000000395e-01 8.294200000000000461e-01 8.280399999999999983e-01 8.265900000000000469e-01 8.253000000000000336e-01 8.242500000000000382e-01 8.233899999999999553e-01 8.226400000000000379e-01 8.219800000000000439e-01 8.214099999999999735e-01 8.208100000000000396e-01
4.083100000000000063e-01 5.688400000000000123e-01 6.707699999999999774e-01 7.408200000000000340e-01 7.822999999999999954e-01 8.063299999999999912e-01 8.190600000000000103e-01 8.254899999999999460e-01 8.289100000000000357e-01 8.306999999999999940e-01 8.311100000000000154e-01 8.305299999999999905e-01 8.293099999999999916e-01 8.279699999999999838e-01 8.265400000000000524e-01 8.252599999999999936e-01 8.242199999999999527e-01 8.233700000000000463e-01 8.226200000000000179e-01 8.219699999999999784e-01 8.214000000000000190e-01 8.207900000000000196e-01
4.075199999999999934e-01 5.679899999999999949e-01 6.698899999999999855e-01 7.399499999999999966e-01 7.814699999999999980e-01 8.055600000000000538e-01 8.183700000000000419e-01 8.248999999999999666e-01 8.284200000000000452e-01 8.303199999999999470e-01 8.308299999999999574e-01 8.303399999999999670e-01 8.291899999999999826e-01 8.278900000000000148e-01 8.264899999999999469e-01 8.252300000000000191e-01 8.242000000000000437e-01 8.233599999999999808e-01 8.226200000000000179e-01 8.219600000000000239e-01 8.213799999999999990e-01 8.207600000000000451e-01
4.067600000000000104e-01 5.671500000000000430e-01 6.690199999999999481e-01 7.390999999999999792e-01 7.806600000000000206e-01 8.048100000000000254e-01 8.176999999999999824e-01 8.243200000000000527e-01 8.279499999999999638e-01 8.299400000000000110e-01 8.305599999999999650e-01 8.301500000000000545e-01 8.290699999999999736e-01 8.278100000000000458e-01 8.264500000000000179e-01 8.252000000000000446e-01 8.241899999999999782e-01 8.233599999999999808e-01 8.226200000000000179e-01 8.219600000000000239e-01 8.213700000000000445e-01 8.207499999999999796e-01
4.063100000000000045e-01 5.666700000000000070e-01 6.685200000000000031e-01 7.386000000000000343e-01 7.801799999999999846e-01 8.043700000000000294e-01 8.173099999999999810e-01 8.239800000000000457e-01 8.276599999999999513e-01 8.297099999999999476e-01 8.303899999999999615e-01 8.300400000000000000e-01 8.289999999999999591e-01 8.277700000000000058e-01 8.264299999999999979e-01 8.252000000000000446e-01 8.241899999999999782e-01 8.233599999999999808e-01 8.226099999999999524e-01 8.219499999999999584e-01 8.213599999999999790e-01 8.207299999999999596e-01
4.059499999999999775e-01 5.662700000000000511e-01 6.681099999999999817e-01 7.381900000000000128e-01 7.798000000000000487e-01 8.040300000000000225e-01 8.169899999999999940e-01 8.237100000000000533e-01 8.274200000000000443e-01 8.295200000000000351e-01 8.302399999999999780e-01 8.299400000000000110e-01 8.289499999999999647e-01 8.277400000000000313e-01 8.264200000000000434e-01 8.252000000000000446e-01 8.241899999999999782e-01 8.233599999999999808e-01 8.226099999999999524e-01 8.219499999999999584e-01 8.213500000000000245e-01 8.207200000000000051e-01
4.056699999999999751e-01 5.659699999999999731e-01 6.677899999999999947e-01 7.378900000000000459e-01 7.795199999999999907e-01 8.037699999999999845e-01 8.167600000000000415e-01 8.235000000000000098e-01 8.272399999999999753e-01 8.293700000000000516e-01 8.301300000000000345e-01 8.298699999999999966e-01 8.289100000000000357e-01 8.277299999999999658e-01 8.264200000000000434e-01 8.252099999999999991e-01 8.242000000000000437e-01 8.233700000000000463e-01 8.226099999999999524e-01 8.219400000000000039e-01 8.213500000000000245e-01 8.207200000000000051e-01
4.054800000000000071e-01 5.657600000000000406e-01 6.675699999999999967e-01 7.376800000000000024e-01 7.793299999999999672e-01 8.035900000000000265e-01 8.165999999999999925e-01 8.233500000000000263e-01 8.271100000000000119e-01 8.292599999999999971e-01 8.300499999999999545e-01 8.298200000000000021e-01 8.288799999999999502e-01 8.277299999999999658e-01 8.264399999999999524e-01 8.252300000000000191e-01 8.242199999999999527e-01 8.233800000000000008e-01 8.226200000000000179e-01 8.219400000000000039e-01 8.213500000000000245e-01 8.207100000000000506e-01
4.053700000000000081e-01 5.656400000000000317e-01 6.674499999999999877e-01 7.375599999999999934e-01 7.792299999999999782e-01 8.035099999999999465e-01 8.165200000000000236e-01 8.232800000000000118e-01 8.270399999999999974e-01 8.292000000000000481e-01 8.300100000000000255e-01 8.297900000000000276e-01 8.288799999999999502e-01 8.277400000000000313e-01 8.264599999999999724e-01 8.252599999999999936e-01 8.242500000000000382e-01 8.234000000000000208e-01 8.226200000000000179e-01 8.219400000000000039e-01 8.213500000000000245e-01 8.207100000000000506e-01
