-0.74906 -0.75357 -0.75766 -0.76142 -0.76512 -0.76894 -0.77271 -0.77625 -0.77951 -0.78265 -0.78586 -0.78930 -0.79305 -0.79720 -0.80181 -0.80709 -0.81342 -0.82149 -0.83222 -0.84672 -0.86608 -0.89082 -0.92037 -0.95332 -0.98828 -1.02497
-0.73690 -0.74137 -0.74572 -0.75001 -0.75444 -0.75905 -0.76361 -0.76789 -0.77186 -0.77574 -0.77974 -0.78399 -0.78854 -0.79341 -0.79870 -0.80461 -0.81157 -0.82027 -0.83165 -0.84687 -0.86708 -0.89299 -0.92431 -0.95986 -0.99824 -1.03880
-0.71465 -0.71906 -0.72387 -0.72915 -0.73493 -0.74104 -0.74708 -0.75276 -0.75806 -0.76324 -0.76857 -0.77419 -0.78008 -0.78622 -0.79268 -0.79970 -0.80777 -0.81761 -0.83021 -0.84678 -0.86860 -0.89668 -0.93121 -0.97137 -1.01576 -1.06317
-0.68529 -0.68975 -0.69522 -0.70183 -0.70942 -0.71753 -0.72556 -0.73313 -0.74017 -0.74699 -0.75391 -0.76111 -0.76857 -0.77622 -0.78409 -0.79247 -0.80189 -0.81317 -0.82734 -0.84569 -0.86966 -0.90057 -0.93911 -0.98488 -1.03652 -1.09218
-0.65175 -0.65681 -0.66335 -0.67157 -0.68115 -0.69139 -0.70155 -0.71119 -0.72019 -0.72879 -0.73735 -0.74615 -0.75518 -0.76435 -0.77364 -0.78338 -0.79418 -0.80694 -0.82275 -0.84294 -0.86910 -0.90285 -0.94528 -0.99637 -1.05477 -1.11806
-0.61965 -0.62615 -0.63425 -0.64417 -0.65544 -0.66732 -0.67913 -0.69050 -0.70126 -0.71153 -0.72160 -0.73176 -0.74211 -0.75255 -0.76303 -0.77390 -0.78586 -0.79987 -0.81703 -0.83869 -0.86656 -0.90248 -0.94787 -1.00293 -1.06630 -1.13508
-0.59625 -0.60506 -0.61511 -0.62652 -0.63874 -0.65119 -0.66355 -0.67574 -0.68762 -0.69909 -0.71025 -0.72137 -0.73258 -0.74380 -0.75503 -0.76662 -0.77931 -0.79407 -0.81195 -0.83428 -0.86283 -0.89960 -0.94621 -1.00303 -1.06862 -1.13977
-0.58962 -0.60067 -0.61236 -0.62457 -0.63668 -0.64840 -0.65996 -0.67171 -0.68364 -0.69547 -0.70704 -0.71844 -0.72978 -0.74107 -0.75236 -0.76404 -0.77684 -0.79163 -0.80936 -0.83129 -0.85918 -0.89513 -0.94084 -0.99677 -1.06151 -1.13169
-0.60171 -0.61385 -0.62611 -0.63815 -0.64924 -0.65934 -0.66914 -0.67945 -0.69042 -0.70171 -0.71288 -0.72383 -0.73459 -0.74520 -0.75586 -0.76697 -0.77919 -0.79325 -0.80992 -0.83039 -0.85635 -0.88984 -0.93251 -0.98486 -1.04560 -1.11160
-0.62899 -0.64014 -0.65128 -0.66198 -0.67144 -0.67966 -0.68749 -0.69595 -0.70537 -0.71540 -0.72552 -0.73539 -0.74495 -0.75430 -0.76373 -0.77370 -0.78476 -0.79747 -0.81248 -0.83084 -0.85411 -0.88414 -0.92239 -0.96932 -1.02386 -1.08341
-0.66143 -0.66986 -0.67850 -0.68705 -0.69475 -0.70146 -0.70785 -0.71483 -0.72277 -0.73142 -0.74023 -0.74877 -0.75690 -0.76475 -0.77269 -0.78123 -0.79087 -0.80204 -0.81528 -0.83153 -0.85215 -0.87872 -0.91243 -0.95356 -1.00125 -1.05346
-0.68974 -0.69469 -0.70022 -0.70633 -0.71246 -0.71832 -0.72413 -0.73043 -0.73748 -0.74509 -0.75279 -0.76013 -0.76693 -0.77337 -0.77990 -0.78706 -0.79537 -0.80521 -0.81708 -0.83180 -0.85055 -0.87464 -0.90495 -0.94155 -0.98354 -1.02922
-0.70616 -0.70826 -0.71124 -0.71547 -0.72068 -0.72647 -0.73259 -0.73914 -0.74614 -0.75342 -0.76055 -0.76713 -0.77300 -0.77841 -0.78387 -0.79004 -0.79745 -0.80654 -0.81773 -0.83179 -0.84978 -0.87283 -0.90158 -0.93577 -0.97423 -1.01521
-0.70905 -0.70955 -0.71116 -0.71457 -0.71975 -0.72619 -0.73327 -0.74067 -0.74824 -0.75577 -0.76289 -0.76923 -0.77470 -0.77961 -0.78457 -0.79030 -0.79740 -0.80632 -0.81749 -0.83165 -0.84981 -0.87304 -0.90185 -0.93571 -0.97304 -1.01187
-0.70071 -0.70107 -0.70273 -0.70659 -0.71267 -0.72029 -0.72857 -0.73695 -0.74524 -0.75327 -0.76074 -0.76730 -0.77289 -0.77787 -0.78289 -0.78874 -0.79603 -0.80523 -0.81678 -0.83143 -0.85023 -0.87432 -0.90418 -0.93913 -0.97731 -1.01672
-0.68817 -0.68942 -0.69219 -0.69735 -0.70484 -0.71374 -0.72297 -0.73196 -0.74062 -0.74898 -0.75683 -0.76385 -0.76992 -0.77536 -0.78081 -0.78705 -0.79471 -0.80425 -0.81615 -0.83119 -0.85050 -0.87533 -0.90629 -0.94275 -0.98302 -1.02549
-0.67892 -0.68163 -0.68599 -0.69272 -0.70151 -0.71127 -0.72087 -0.72987 -0.73841 -0.74674 -0.75478 -0.76219 -0.76875 -0.77466 -0.78049 -0.78700 -0.79481 -0.80443 -0.81635 -0.83137 -0.85068 -0.87562 -0.90702 -0.94460 -0.98717 -1.03388
-0.67844 -0.68260 -0.68837 -0.69620 -0.70561 -0.71551 -0.72487 -0.73343 -0.74150 -0.74949 -0.75739 -0.76486 -0.77156 -0.77756 -0.78336 -0.78969 -0.79722 -0.80645 -0.81787 -0.83225 -0.85077 -0.87483 -0.90548 -0.94292 -0.98669 -1.03661
-0.68745 -0.69272 -0.69930 -0.70739 -0.71653 -0.72584 -0.73453 -0.74247 -0.74998 -0.75743 -0.76484 -0.77186 -0.77816 -0.78372 -0.78901 -0.79473 -0.80158 -0.81005 -0.82059 -0.83386 -0.85096 -0.87327 -0.90201 -0.93780 -0.98068 -1.03076
-0.70327 -0.70912 -0.71578 -0.72333 -0.73147 -0.73968 -0.74748 -0.75478 -0.76172 -0.76851 -0.77512 -0.78128 -0.78673 -0.79149 -0.79599 -0.80090 -0.80690 -0.81445 -0.82391 -0.83582 -0.85112 -0.87110 -0.89701 -0.92963 -0.96915 -1.01552
-0.72209 -0.72802 -0.73423 -0.74077 -0.74754 -0.75441 -0.76116 -0.76769 -0.77396 -0.77994 -0.78556 -0.79064 -0.79507 -0.79893 -0.80265 -0.80685 -0.81211 -0.81884 -0.82730 -0.83792 -0.85148 -0.86912 -0.89194 -0.92061 -0.95510 -0.99503
-0.74050 -0.74607 -0.75156 -0.75699 -0.76242 -0.76796 -0.77359 -0.77920 -0.78463 -0.78970 -0.79431 -0.79836 -0.80186 -0.80498 -0.80813 -0.81183 -0.81657 -0.82267 -0.83035 -0.83995 -0.85211 -0.86775 -0.88774 -0.91245 -0.94153 -0.97437
-0.75617 -0.76099 -0.76564 -0.77010 -0.77447 -0.77891 -0.78350 -0.78815 -0.79268 -0.79687 -0.80061 -0.80385 -0.80667 -0.80928 -0.81209 -0.81552 -0.81995 -0.82564 -0.83278 -0.84168 -0.85287 -0.86705 -0.88482 -0.90629 -0.93089 -0.95796
-0.76762 -0.77147 -0.77527 -0.77899 -0.78265 -0.78638 -0.79023 -0.79415 -0.79798 -0.80152 -0.80465 -0.80734 -0.80973 -0.81206 -0.81470 -0.81799 -0.82223 -0.82763 -0.83438 -0.84277 -0.85320 -0.86622 -0.88220 -0.90116 -0.92249 -0.94570
-0.77478 -0.77762 -0.78065 -0.78383 -0.78713 -0.79056 -0.79412 -0.79771 -0.80118 -0.80435 -0.80711 -0.80949 -0.81163 -0.81380 -0.81634 -0.81955 -0.82366 -0.82885 -0.83530 -0.84322 -0.85290 -0.86477 -0.87912 -0.89602 -0.91506 -0.93595
-0.77769 -0.77980 -0.78230 -0.78522 -0.78851 -0.79208 -0.79581 -0.79951 -0.80298 -0.80604 -0.80864 -0.81085 -0.81286 -0.81495 -0.81744 -0.82059 -0.82464 -0.82973 -0.83595 -0.84342 -0.85233 -0.86303 -0.87589 -0.89117 -0.90876 -0.92856
-0.77648 -0.77835 -0.78076 -0.78379 -0.78743 -0.79153 -0.79580 -0.79993 -0.80365 -0.80680 -0.80938 -0.81153 -0.81349 -0.81557 -0.81806 -0.82125 -0.82534 -0.83045 -0.83658 -0.84375 -0.85208 -0.86196 -0.87394 -0.88855 -0.90603 -0.92640
-0.77118 -0.77352 -0.77642 -0.78003 -0.78437 -0.78923 -0.79424 -0.79897 -0.80310 -0.80649 -0.80919 -0.81140 -0.81342 -0.81558 -0.81819 -0.82153 -0.82578 -0.83103 -0.83722 -0.84431 -0.85245 -0.86218 -0.87431 -0.88968 -0.90878 -0.93173
-0.76374 -0.76710 -0.77094 -0.77542 -0.78055 -0.78617 -0.79185 -0.79716 -0.80173 -0.80543 -0.80834 -0.81070 -0.81285 -0.81516 -0.81797 -0.82152 -0.82598 -0.83138 -0.83767 -0.84484 -0.85314 -0.86329 -0.87637 -0.89345 -0.91522 -0.94182
-0.75701 -0.76170 -0.76666 -0.77199 -0.77777 -0.78387 -0.78997 -0.79565 -0.80057 -0.80457 -0.80770 -0.81020 -0.81248 -0.81494 -0.81793 -0.82168 -0.82627 -0.83173 -0.83802 -0.84522 -0.85373 -0.86442 -0.87849 -0.89716 -0.92118 -0.95070
-0.75392 -0.75975 -0.76559 -0.77148 -0.77753 -0.78374 -0.78988 -0.79563 -0.80067 -0.80480 -0.80803 -0.81059 -0.81290 -0.81543 -0.81852 -0.82236 -0.82698 -0.83234 -0.83845 -0.84549 -0.85396 -0.86478 -0.87918 -0.89832 -0.92294 -0.95321
-0.75486 -0.76132 -0.76763 -0.77377 -0.77984 -0.78589 -0.79182 -0.79738 -0.80228 -0.80631 -0.80946 -0.81196 -0.81423 -0.81675 -0.81989 -0.82378 -0.82836 -0.83355 -0.83934 -0.84597 -0.85403 -0.86444 -0.87835 -0.89678 -0.92037 -0.94926
-0.75861 -0.76512 -0.77151 -0.77767 -0.78364 -0.78946 -0.79507 -0.80027 -0.80483 -0.80857 -0.81150 -0.81384 -0.81604 -0.81857 -0.82177 -0.82574 -0.83033 -0.83535 -0.84076 -0.84683 -0.85421 -0.86381 -0.87666 -0.89362 -0.91517 -0.94141
-0.76321 -0.76940 -0.77561 -0.78170 -0.78760 -0.79326 -0.79858 -0.80339 -0.80752 -0.81088 -0.81352 -0.81571 -0.81787 -0.82047 -0.82383 -0.82798 -0.83266 -0.83758 -0.84263 -0.84811 -0.85469 -0.86330 -0.87485 -0.89003 -0.90910 -0.93202
-0.76825 -0.77392 -0.77976 -0.78560 -0.79132 -0.79677 -0.80177 -0.80617 -0.80984 -0.81278 -0.81511 -0.81713 -0.81928 -0.82201 -0.82558 -0.82992 -0.83472 -0.83957 -0.84433 -0.84927 -0.85510 -0.86268 -0.87281 -0.88597 -0.90220 -0.92130
-0.77412 -0.77913 -0.78433 -0.78964 -0.79491 -0.79994 -0.80450 -0.80841 -0.81157 -0.81403 -0.81599 -0.81782 -0.81999 -0.82286 -0.82663 -0.83113 -0.83599 -0.84075 -0.84525 -0.84975 -0.85488 -0.86143 -0.87003 -0.88096 -0.89406 -0.90895
-0.78153 -0.78562 -0.78988 -0.79428 -0.79872 -0.80299 -0.80685 -0.81008 -0.81259 -0.81448 -0.81602 -0.81765 -0.81982 -0.82282 -0.82672 -0.83128 -0.83609 -0.84070 -0.84494 -0.84901 -0.85346 -0.85896 -0.86598 -0.87465 -0.88464 -0.89550
-0.78982 -0.79282 -0.79591 -0.79915 -0.80249 -0.80575 -0.80869 -0.81110 -0.81288 -0.81417 -0.81530 -0.81675 -0.81892 -0.82202 -0.82598 -0.83052 -0.83521 -0.83963 -0.84359 -0.84721 -0.85096 -0.85541 -0.86096 -0.86761 -0.87498 -0.88261
-0.79764 -0.79956 -0.80149 -0.80355 -0.80574 -0.80793 -0.80989 -0.81144 -0.81253 -0.81331 -0.81413 -0.81544 -0.81758 -0.82068 -0.82460 -0.82902 -0.83353 -0.83773 -0.84139 -0.84458 -0.84768 -0.85124 -0.85561 -0.86075 -0.86628 -0.87185
-0.80342 -0.80454 -0.80558 -0.80670 -0.80795 -0.80922 -0.81035 -0.81121 -0.81178 -0.81224 -0.81290 -0.81411 -0.81616 -0.81911 -0.82283 -0.82701 -0.83126 -0.83521 -0.83859 -0.84145 -0.84412 -0.84711 -0.85076 -0.85502 -0.85954 -0.86406
-0.80664 -0.80731 -0.80783 -0.80838 -0.80902 -0.80969 -0.81026 -0.81068 -0.81097 -0.81128 -0.81187 -0.81298 -0.81482 -0.81745 -0.82078 -0.82454 -0.82839 -0.83200 -0.83514 -0.83784 -0.84040 -0.84326 -0.84669 -0.85064 -0.85478 -0.85895
-0.80766 -0.80818 -0.80853 -0.80886 -0.80923 -0.80961 -0.80993 -0.81015 -0.81034 -0.81062 -0.81116 -0.81214 -0.81370 -0.81592 -0.81873 -0.82194 -0.82527 -0.82847 -0.83140 -0.83412 -0.83686 -0.83996 -0.84357 -0.84760 -0.85178 -0.85598
-0.80744 -0.80794 -0.80832 -0.80868 -0.80904 -0.80938 -0.80963 -0.80982 -0.81000 -0.81028 -0.81077 -0.81160 -0.81289 -0.81470 -0.81700 -0.81965 -0.82244 -0.82524 -0.82801 -0.83083 -0.83390 -0.83742 -0.84143 -0.84579 -0.85025 -0.85470
-0.80686 -0.80739 -0.80787 -0.80834 -0.80881 -0.80921 -0.80951 -0.80973 -0.80993 -0.81020 -0.81064 -0.81136 -0.81245 -0.81398 -0.81590 -0.81810 -0.82048 -0.82296 -0.82561 -0.82853 -0.83191 -0.83583 -0.84026 -0.84503 -0.84987 -0.85465
-0.80645 -0.80699 -0.80754 -0.80812 -0.80869 -0.80917 -0.80953 -0.80979 -0.80999 -0.81024 -0.81064 -0.81129 -0.81229 -0.81364 -0.81532 -0.81723 -0.81932 -0.82158 -0.82413 -0.82711 -0.83067 -0.83487 -0.83963 -0.84476 -0.84999 -0.85509
-0.80637 -0.80690 -0.80746 -0.80808 -0.80868 -0.80921 -0.80960 -0.80987 -0.81006 -0.81027 -0.81063 -0.81123 -0.81215 -0.81337 -0.81485 -0.81652 -0.81837 -0.82044 -0.82288 -0.82585 -0.82949 -0.83382 -0.83879 -0.84416 -0.84968 -0.85505
-0.80652 -0.80701 -0.80755 -0.80814 -0.80874 -0.80925 -0.80964 -0.80988 -0.81003 -0.81020 -0.81050 -0.81103 -0.81182 -0.81285 -0.81407 -0.81546 -0.81704 -0.81891 -0.82123 -0.82416 -0.82783 -0.83226 -0.83738 -0.84297 -0.84877 -0.85447
-0.80676 -0.80721 -0.80771 -0.80825 -0.80880 -0.80927 -0.80961 -0.80981 -0.80991 -0.81002 -0.81025 -0.81066 -0.81126 -0.81202 -0.81293 -0.81399 -0.81528 -0.81694 -0.81914 -0.82205 -0.82577 -0.83032 -0.83563 -0.84153 -0.84774 -0.85395
-0.80697 -0.80740 -0.80786 -0.80835 -0.80884 -0.80926 -0.80955 -0.80969 -0.80975 -0.80982 -0.80998 -0.81027 -0.81067 -0.81116 -0.81177 -0.81254 -0.81359 -0.81509 -0.81722 -0.82014 -0.82393 -0.82864 -0.83422 -0.84053 -0.84727 -0.85415
-0.80710 -0.80752 -0.80795 -0.80841 -0.80886 -0.80925 -0.80951 -0.80961 -0.80964 -0.80968 -0.80981 -0.81003 -0.81029 -0.81062 -0.81105 -0.81165 -0.81257 -0.81398 -0.81608 -0.81902 -0.82287 -0.82769 -0.83348 -0.84009 -0.84723 -0.85460
